IPT_C GPU benchmark: CUSOLVER SYEVD vs IPT
started_at = 2026-06-09T18:00:14+0800
ipt_c_root = /fs1/home/nudt_liujie/ftt/IPT_C_GPU
result_csv = /fs1/home/nudt_liujie/ftt/IPT_C_GPU/results/EPSILON_test/raw/N_16384/eps_0_005/gpu_syevd_vs_ipt_results.csv
epsilon = 0.0050000000000000001
ipt_tol = 9.9999999999999998e-13
ipt_maxiter = 1000
timing_repeats = 1
per_N_warmup = true
seed = 20260603
N_values = 16384
compute_residuals = true
cuda_runtime_version = 12020
cuda_driver_version = 12020
gpu_name = NVIDIA A100-SXM4-80GB

N=16384 started_at=2026-06-09T18:00:14+0800
N=16384 finished_at=2026-06-09T18:00:55+0800 status=ok time_syevd=8.9112183810211718 time_ipt=3.4305509780533612 ipt_iterations=6 ipt_fixed_point_residual=6.8085786664015606e-13 residual_ipt=1.637824998885516e-10 timing_repeats=1 per_N_warmup=true
finished_at = 2026-06-09T18:00:55+0800
